```
default_device_watts:
  scope3:
    phone:          2.856
    pc:            29.4
    tablet:        29.4
    tv:            81.6
    smart-speaker:  2.5
  sri:
    phone:          2.856
    pc:            29.4
    tablet:        29.4
    tv:            81.6
default_device_embodied_emissions_per_second:
  scope3:
    phone:          0.00946
    pc:             0.0132
    tablet:         0.0128
    tv:             0.00889
    smart-speaker:  0.0061
  sri:
    phone:          0.00946
    pc:             0.0132
    tablet:         0.0128
    tv:             0.00889
```
